structure(list(coefficients = structure(c(1.33951109127074, 0.307147747563577, 
0.438514501359177, -1.82955200939003, -0.0289521766715046, 0.0976276331890702, 
-8.56994833752111), .Names = c("(Intercept)", "gen.EUS", "inst.EUS", 
"pola.index", "enop", "member.dur", "CEE")), residuals = structure(c(-13.2417267258493, 
-1.71892258180203, -16.0870875571631, -1.96450161999397, -9.69922062936075, 
9.2144575471946, -9.10669063697875, -3.88148429588985, -2.9446334914949, 
-3.13208214647551, -11.5282580433575, 8.32965063116314, 5.0419645947112, 
2.0456211302831, -5.99297016481833, 4.28211913468487, 11.1553762932405, 
-13.6268487576197, -11.6519155832668, -1.0566121172124, -2.2330836231572, 
0.140356220880559, -1.27752845218274, 1.59779258185045, 1.88682975442945, 
-8.88739649255552, 3.0969825223959, 7.24425555092991, 14.7622450627479, 
2.59221082355613, 0.494213421042826, 9.82191853926863, 12.5720259352106, 
1.35767758626898, 7.12005718940309, 2.94135336844268, 3.15160958931436, 
1.91217374293459, -9.23973950880434, -26.0623186868995, -2.61232585731324, 
2.09081446255061, 0.0799289765602929, 13.7646785917704, 7.77802197352672, 
7.2333680476087, 0.328030489900765, 3.67811445876502, 2.92722946929078, 
4.43607346350506, 8.04451863063512, 4.41235954774548, 2.73904004039683, 
-11.9708634574586, 9.09280244928732, -1.52085588301503, -15.8413317612483, 
13.615736364436, 11.7651145102693, 9.68521747759632, 2.19943171646472, 
-7.05067507584521, -11.6522874765175, -7.66711533262772, -3.76532119880682, 
3.27990757448803, 1.63857970110638, -5.89599700879864, 2.02884107289059, 
5.21733735426762, -8.28409557327893, -8.78319182794893, 13.2971301639052, 
-8.55682184535736, 5.81238158398698, 6.0824071809829, -36.6819704959176, 
1.7909025691326, -8.13472643846682, 15.7513733558716, 2.43583249920853, 
-5.85777699613806, 11.5594733173454, -2.57223341194108, 15.9295728636283
), .Names = c("31", "32", "44", "64", "1", "7", "13", "22", "33", 
"45", "65", "34", "46", "66", "2", "14", "23", "35", "47", "67", 
"3", "8", "15", "24", "36", "48", "68", "16", "25", "37", "49", 
"69", "9", "17", "26", "38", "50", "70", "18", "27", "39", "51", 
"71", "72", "52", "73", "4", "10", "19", "28", "40", "53", "74", 
"41", "54", "75", "5", "11", "20", "29", "42", "55", "76", "6", 
"21", "30", "43", "56", "77", "78", "57", "79", "58", "80", "59", 
"81", "60", "82", "61", "83", "84", "62", "85", "63", "86")), 
    fitted.values = structure(c(18.6391085433325, 18.073093457593, 
    14.5968039656185, 13.6595267817182, 17.6252168179584, 20.3951621396063, 
    17.4698489131853, 13.4876064587672, 13.2400782446007, 9.58446309885646, 
    5.59482460992412, 15.4699653963102, 17.4922060688253, 13.4549798813868, 
    9.27905077232856, 10.5994462618136, 12.5261652889096, 13.9172417707202, 
    14.5873090203415, 18.1768727088246, 10.8225953772259, 12.3469534237895, 
    9.61086178551608, 5.297131371385, 8.45562181420005, 12.2484797423048, 
    21.9074262475557, 1.64970111953759, 8.51918953044778, 13.7691287769139, 
    6.8831063573209, 6.23998114056057, 16.7042898542631, 11.6500062776168, 
    8.30547472549051, 9.65980107202982, 11.4728803019714, 18.8492721355654, 
    4.8169348731703, 14.4035902616366, 11.3683445665666, 8.17806437251939, 
    13.1929030119122, 9.24328953571965, 18.3558873137303, 17.1876845839702, 
    10.4216412348444, 8.58411797548728, 9.71235395941002, 16.1436092954387, 
    16.4970163103945, 13.331674754277, 14.9076084340995, 18.371085814511, 
    13.9104760485024, 17.3625227404165, 16.958033282527, 17.01796790425, 
    10.7373813299969, 15.1153429946042, 18.5222708092603, 20.2434968803461, 
    23.5644988883745, 13.7038075560669, 5.66372044038556, 6.65702761634793, 
    6.4104608106207, 4.38286103410857, 7.74416103925291, 11.828750534264, 
    5.97044600890332, 5.38998794445378, 5.94722912418187, 3.53248452026178, 
    2.05755071962478, 3.33525852193134, -6.30347438921304, -3.16074723950474, 
    5.34777010746255, 4.11018148970882, -2.87046071246819, 2.81414611585687, 
    0.227461451388866, 1.38060999382214, 2.39234915366111), .Names = c("31", 
    "32", "44", "64", "1", "7", "13", "22", "33", "45", "65", 
    "34", "46", "66", "2", "14", "23", "35", "47", "67", "3", 
    "8", "15", "24", "36", "48", "68", "16", "25", "37", "49", 
    "69", "9", "17", "26", "38", "50", "70", "18", "27", "39", 
    "51", "71", "72", "52", "73", "4", "10", "19", "28", "40", 
    "53", "74", "41", "54", "75", "5", "11", "20", "29", "42", 
    "55", "76", "6", "21", "30", "43", "56", "77", "78", "57", 
    "79", "58", "80", "59", "81", "60", "82", "61", "83", "84", 
    "62", "85", "63", "86")), rank = 7L, df.residual = 78L, call = panelAR(formula = diff.EUS ~ 
        gen.EUS + inst.EUS + pola.index + enop + member.dur + 
            CEE, data = panel2, panelVar = "nation", timeVar = "year.f", 
        panelCorrMethod = "pcse", rho.na.rm = TRUE), terms = diff.EUS ~ 
        gen.EUS + inst.EUS + pola.index + enop + member.dur + 
            CEE, model = structure(list(diff.EUS = c(5.39738181748315, 
    16.354170875791, -1.49028359154458, 11.6950251617242, 7.92599618859761, 
    29.6096196868009, 8.36315827620657, 9.6061221628773, 10.2954447531058, 
    6.45238095238095, -5.93343343343343, 23.7996160274733, 22.5341706635365, 
    15.5006010116699, 3.28608060751023, 14.8815653964985, 23.6815415821501, 
    0.290393013100438, 2.93539343707464, 17.1202605916122, 8.58951175406872, 
    12.4873096446701, 8.33333333333333, 6.89492395323545, 10.3424515686295, 
    3.36108324974925, 25.0044087699516, 8.8939566704675, 23.2814345931957, 
    16.36133960047, 7.37731977836373, 16.0618996798292, 29.2763157894737, 
    13.0076838638858, 15.4255319148936, 12.6011544404725, 14.6244898912858, 
    20.7614458785, -4.42280463563404, -11.6587284252629, 8.75601870925338, 
    10.26887883507, 13.2728319884725, 23.00796812749, 26.133909287257, 
    24.4210526315789, 10.7496717247452, 12.2622324342523, 12.6395834287008, 
    20.5796827589438, 24.5415349410296, 17.7440343020225, 17.6466484744963, 
    6.40022235705241, 23.0032784977897, 15.8416668574015, 1.11670152127869, 
    30.633704268686, 22.5024958402662, 24.8005604722005, 20.721702525725, 
    13.1928218045009, 11.912211411857, 6.03669222343921, 1.89839924157874, 
    9.93693519083596, 8.04904051172708, -1.51313597469007, 9.7730021121435, 
    17.0460878885316, -2.31364956437561, -3.39320388349515, 19.2443592880871, 
    -5.02433732509558, 7.86993230361176, 9.41766570291424, -42.9854448851306, 
    -1.36984467037214, -2.78695633100427, 19.8615548455804, -0.434628213259661, 
    -3.04363088028119, 11.7869347687343, -1.19162341811894, 18.3219220172894
    ), gen.EUS = c(45.8638743455497, 35.2692713833157, 24.5951417004049, 
    17.8109452736318, 27.3584905660377, 33.1096196868009, 24.2105263157895, 
    18.5714285714286, 23.9130434782609, 14.1865079365079, 13.5135135135135, 
    20.1535508637236, 16.6834170854271, 18.5370741482966, 8.67237687366167, 
    5.76725025746653, 34.2799188640974, 14.410480349345, 14.456630109671, 
    18.9568706118355, 2.7124773960217, 21.2182741116751, 1.64609053497942, 
    20.1015228426396, 5.56186152099886, 13.9418254764293, 20.4408817635271, 
    4.90307867730901, 32.0675105485232, 4.93537015276146, 7.42268041237113, 
    10.7790821771612, 38.9254385964912, 6.36663007683864, 21.3829787234043, 
    12.4868835257083, 8.16326530612245, 14.859437751004, 3.30672748004561, 
    32.3408624229979, 6.01851851851852, 10.2285092491839, 23.6994219653179, 
    18.7250996015936, 18.3585313174946, 18.5263157894737, 5.25164113785558, 
    34.9492671927847, 9.16666666666667, 37.9088206144698, 11.6817155756208, 
    11.4700065919578, 11.2175102599179, 25.1942286348502, 19.7745901639344, 
    22.8125, 37.5264270613108, 35.1351351351351, 18.8851913477537, 
    31.2249799839872, 23.0121608980355, 21.6965742251224, 35.1485148514851, 
    15.3340635268346, 5.65635005336179, 17.0923379174853, 3.30490405117271, 
    4.55508474576271, 8.74730021598272, 11.0396570203644, 9.19651500484027, 
    13.3009708737864, 8.72415043620214, 16.7785441060648, 12.4174904849751, 
    16.7377887728891, 5.51834667864003, 10.8456752552918, 8.27147401908802, 
    8.83919062832801, 6.80176906951335, 3.99666944213156, 4.62311557788945, 
    5.23560209424084, 9.50950950950951), inst.EUS = c(25.130890052356, 
    29.039070749736, 27.0242914979757, 24.1791044776119, 30.293501048218, 
    33.1096196868009, 30.3157894736842, 27.0408163265306, 22.8778467908903, 
    22.718253968254, 19.6196196196196, 32.2456813819578, 36.9849246231156, 
    32.064128256513, 30.2997858672377, 23.9958805355304, 13.0831643002028, 
    34.1703056768559, 28.6141575274177, 27.8836509528586, 14.4665461121157, 
    3.75634517766497, 15.0205761316872, 5.88832487309645, 23.7230419977299, 
    26.7803410230692, 33.9679358717435, 12.884834663626, 15.295358649789, 
    30.7873090481786, 17.7319587628866, 21.3447171824973, 19.6271929824561, 
    19.648737650933, 9.46808510638298, 30.1154249737671, 29.2857142857143, 
    40.863453815261, 16.6476624857469, 13.1416837782341, 27.8935185185185, 
    28.5092491838955, 24.0462427745665, 27.2908366533865, 33.9092872570194, 
    30.3157894736842, 22.6477024070022, 5.97519729425028, 30.3125, 
    11.0505450941526, 40.8013544018059, 27.8180619644034, 26.6757865937073, 
    34.4062153163152, 38.8319672131148, 34.2708333333333, 27.906976744186, 
    29.3322734499205, 28.1198003327787, 20.1761409127302, 31.4312441534144, 
    35.8890701468189, 34.0759075907591, 25.7393209200438, 13.3404482390608, 
    6.58153241650295, 12.7931769722815, 14.6186440677966, 16.1987041036717, 
    47.0525187566988, 46.1761858664085, 42.9126213592233, 29.7645681399721, 
    32.3727820066834, 29.7223737407787, 32.0975426329394, 16.5107635510988, 
    21.6146361669034, 39.5546129374337, 30.8839190628328, 27.1289737410279, 
    40.7160699417152, 30.1507537688442, 39.5811518324607, 34.3343343343343
    ), pola.index = c(4.19387311883195, 3.8613945117878, 3.74676529745218, 
    2.69662336794118, 2.9042641008448, 2.99065207984327, 3.20589735600668, 
    3.96718174150193, 4.27416659708406, 4.89289731299695, 6.49593625685763, 
    3.51777988882903, 3.24652410100166, 4.83003626501792, 5.78248390865107, 
    3.54682954868318, 4.92869152811279, 6.10947453422969, 4.75360919923927, 
    3.61982198681471, 0, 0, 1.20332871334919, 4.77074417974913, 
    5.11133892988256, 5.47941602954143, 3.32559100677209, 3.84499670884248, 
    5.5044717052131, 2.05901811530634, 3.38854012953496, 5.4129473494741, 
    2.91753317322949, 0, 2.65028296345446, 5.67203669293914, 
    4.03187300251971, 4.14608243599644, 2.74809021265579, 1.81352943855967, 
    2.86496068478117, 5.7486955169523, 4.44362016216157, 5.59195858853789, 
    1.87829710922356, 1.95243437008326, 2.74439065086508, 5.0029751443621, 
    6.14297242623571, 3.11576637401931, 5.91244445577101, 4.75063044456539, 
    3.83040466815175, 3.32560975826723, 6.18183721565158, 3.94623872172327, 
    4.74552427139, 4.91241156189481, 5.59341130580541, 3.64029571217565, 
    3.33952091663611, 3.49685570964657, 3.75951905660137, 2.24321197604739, 
    2.42789347955113, 2.60715937173469, 2.06731171744555, 4.19714186466854, 
    3.70051049642889, 2.58735387004332, 5.32823419961755, 5.83506639222175, 
    1.37622673105081, 4.93950604374641, 4.10413430273651, 4.93675923081778, 
    4.34284698349663, 5.00825439283484, 3.858497108076, 2.88805973339799, 
    5.33599932357845, 4.87647413690347, 4.15266981747201, 5.59964282054779, 
    4.75291724608237), enop = c(4.65384615384615, 5.5, 5.91803278688525, 
    6.44642857142857, 23.2727272727273, 42.6666666666667, 10.24, 
    7.11111111111111, 6.73684210526316, 5.15789473684211, 4.44736842105263, 
    5.33333333333333, 4.45454545454546, 5.82758620689655, 2.33653846153846, 
    5.42679900744417, 5.61498516320475, 8.41, 4.14159292035398, 
    5.34351145038168, 11.390625, 9.70562130177515, 8.00121951219512, 
    5.89485981308411, 8.01800847457627, 5.82200956937799, 2.98151950718686, 
    3.6, 3.01620029455081, 3.07507507507508, 2.4099173553719, 
    3.88349514563107, 5.28440366972477, 36, 6.00961538461538, 
    3.49162011173184, 2.93877551020408, 4.2, 3.5776397515528, 
    3.28947368421053, 2.7292576419214, 1.54010695187166, 2.97247706422018, 
    2.5, 1.92307692307692, 1.8, 2.66598943518895, 2.80025608194622, 
    3.74700171330668, 2.94412736557525, 3.24214356599405, 3.95680258377069, 
    4.55597722960152, 3.47244094488189, 3.4468085106383, 5.49152542372881, 
    1.6866323907455, 2.1497378768021, 2.14903373730757, 1.81163235998085, 
    3.34763379035825, 4.37697841726619, 5.17882117882118, 3.94736842105263, 
    13.2352941176471, 3.40909090909091, 10.7142857142857, 3.93023255813953, 
    4.48148148148148, 14.7272727272727, 4.29850746268657, 3.29251700680272, 
    1.25217391304348, 1.2972972972973, 1.76086956521739, 3.68181818181818, 
    2.16666666666667, 2.25, 8.57647058823529, 4.20168067226891, 
    2.01666666666667, 4, 2.56410256410256, 3.76923076923077, 
    5.0625), member.dur = c(0L, 4L, 9L, 14L, 6L, 11L, 16L, 21L, 
    26L, 31L, 36L, 4L, 9L, 14L, 27L, 37L, 42L, 47L, 52L, 57L, 
    27L, 32L, 37L, 42L, 47L, 52L, 57L, 3L, 8L, 13L, 18L, 23L, 
    3L, 8L, 13L, 18L, 23L, 28L, 3L, 8L, 13L, 18L, 23L, 5L, 0L, 
    5L, 27L, 32L, 37L, 42L, 47L, 52L, 57L, 4L, 9L, 14L, 6L, 11L, 
    16L, 21L, 26L, 31L, 36L, 6L, 16L, 21L, 26L, 31L, 36L, 2L, 
    0L, 5L, 0L, 5L, 0L, 5L, 0L, 5L, 0L, 5L, 2L, 0L, 5L, 0L, 5L
    ), CEE = c(0L, 0L, 0L, 0L, 0L, 0L, 0L, 0L, 0L, 0L, 0L, 0L, 
    0L, 0L, 0L, 0L, 0L, 0L, 0L, 0L, 0L, 0L, 0L, 0L, 0L, 0L, 0L, 
    0L, 0L, 0L, 0L, 0L, 0L, 0L, 0L, 0L, 0L, 0L, 0L, 0L, 0L, 0L, 
    0L, 0L, 0L, 0L, 0L, 0L, 0L, 0L, 0L, 0L, 0L, 0L, 0L, 0L, 0L, 
    0L, 0L, 0L, 0L, 0L, 0L, 0L, 0L, 0L, 0L, 0L, 0L, 1L, 1L, 1L, 
    1L, 1L, 1L, 1L, 1L, 1L, 1L, 1L, 1L, 1L, 1L, 1L, 1L), nation = c("11", 
    "11", "11", "11", "13", "13", "13", "13", "13", "13", "13", 
    "14", "14", "14", "31", "31", "31", "31", "31", "31", "32", 
    "32", "32", "32", "32", "32", "32", "33", "33", "33", "33", 
    "33", "34", "34", "34", "34", "34", "34", "35", "35", "35", 
    "35", "35", "36", "37", "37", "41", "41", "41", "41", "41", 
    "41", "41", "42", "42", "42", "51", "51", "51", "51", "51", 
    "51", "51", "53", "53", "53", "53", "53", "53", "80", "82", 
    "82", "86", "86", "87", "87", "88", "88", "92", "92", "93", 
    "96", "96", "97", "97"), year.f = c(5L, 7L, 8L, 9L, 1L, 2L, 
    3L, 4L, 7L, 8L, 9L, 7L, 8L, 9L, 1L, 3L, 4L, 7L, 8L, 9L, 1L, 
    2L, 3L, 4L, 7L, 8L, 9L, 3L, 4L, 7L, 8L, 9L, 2L, 3L, 4L, 7L, 
    8L, 9L, 3L, 4L, 7L, 8L, 9L, 9L, 8L, 9L, 1L, 2L, 3L, 4L, 7L, 
    8L, 9L, 7L, 8L, 9L, 1L, 2L, 3L, 4L, 7L, 8L, 9L, 1L, 3L, 4L, 
    7L, 8L, 9L, 9L, 8L, 9L, 8L, 9L, 8L, 9L, 8L, 9L, 8L, 9L, 9L, 
    8L, 9L, 8L, 9L)), terms = diff.EUS ~ gen.EUS + inst.EUS + 
        pola.index + enop + member.dur + CEE, row.names = c(31L, 
    32L, 44L, 64L, 1L, 7L, 13L, 22L, 33L, 45L, 65L, 34L, 46L, 
    66L, 2L, 14L, 23L, 35L, 47L, 67L, 3L, 8L, 15L, 24L, 36L, 
    48L, 68L, 16L, 25L, 37L, 49L, 69L, 9L, 17L, 26L, 38L, 50L, 
    70L, 18L, 27L, 39L, 51L, 71L, 72L, 52L, 73L, 4L, 10L, 19L, 
    28L, 40L, 53L, 74L, 41L, 54L, 75L, 5L, 11L, 20L, 29L, 42L, 
    55L, 76L, 6L, 21L, 30L, 43L, 56L, 77L, 78L, 57L, 79L, 58L, 
    80L, 59L, 81L, 60L, 82L, 61L, 83L, 84L, 62L, 85L, 63L, 86L
    ), na.action = structure(65L, .Names = "12", class = "omit"), .Names = c("diff.EUS", 
    "gen.EUS", "inst.EUS", "pola.index", "enop", "member.dur", 
    "CEE", "nation", "year.f"), class = "data.frame"), aliased = structure(c(FALSE, 
    FALSE, FALSE, FALSE, FALSE, FALSE, FALSE), .Names = c("(Intercept)", 
    "gen.EUS", "inst.EUS", "pola.index", "enop", "member.dur", 
    "CEE")), na.action = structure(65L, .Names = "12", class = "omit"), 
    vcov = structure(c(12.3783385313647, -0.181459350377709, 
    -0.148051408718447, -0.516401052227646, -0.182138712050042, 
    -0.0769382258242725, 5.30704331198154, -0.181459350377713, 
    0.00829629247338272, 0.00193148677662657, -0.00762409567528835, 
    0.00039386643256916, 0.00100490106877676, -0.113113708133053, 
    -0.148051408718455, 0.00193148677662658, 0.0141918350895407, 
    -0.0518842867565731, -0.00507141947108233, -0.00170149069822451, 
    -0.414627173466306, -0.516401052227559, -0.00762409567528936, 
    -0.0518842867565746, 0.452467032226352, 0.0580115227877007, 
    0.00208438192209756, 1.20891712339046, -0.182138712050035, 
    0.000393866432569074, -0.00507141947108245, 0.0580115227877009, 
    0.0203128901184828, 0.000154252976424772, 0.120774615907865, 
    -0.0769382258242765, 0.00100490106877677, -0.00170149069822449, 
    0.00208438192209833, 0.000154252976424856, 0.00425229736999723, 
    0.113617461580303, 5.30704331198145, -0.113113708133053, 
    -0.414627173466304, 1.20891712339047, 0.120774615907866, 
    0.113617461580304, 20.4251341548425), .Dim = c(7L, 7L), .Dimnames = list(
        c("(Intercept)", "gen.EUS", "inst.EUS", "pola.index", 
        "enop", "member.dur", "CEE"), c("(Intercept)", "gen.EUS", 
        "inst.EUS", "pola.index", "enop", "member.dur", "CEE"
        ))), r2 = 0.268080593100711, panelStructure = structure(list(
        obs.mat = structure(c(FALSE, TRUE, FALSE, TRUE, TRUE, 
        FALSE, FALSE, FALSE, FALSE, FALSE, TRUE, FALSE, TRUE, 
        TRUE, FALSE, FALSE, FALSE, FALSE, FALSE, FALSE, FALSE, 
        FALSE, FALSE, FALSE, TRUE, FALSE, FALSE, TRUE, FALSE, 
        TRUE, FALSE, FALSE, FALSE, TRUE, FALSE, TRUE, FALSE, 
        FALSE, FALSE, FALSE, FALSE, FALSE, FALSE, FALSE, FALSE, 
        FALSE, FALSE, TRUE, FALSE, TRUE, TRUE, TRUE, TRUE, TRUE, 
        FALSE, FALSE, TRUE, FALSE, TRUE, TRUE, FALSE, FALSE, 
        FALSE, FALSE, FALSE, FALSE, FALSE, FALSE, FALSE, FALSE, 
        TRUE, FALSE, TRUE, TRUE, TRUE, TRUE, TRUE, FALSE, FALSE, 
        TRUE, FALSE, TRUE, TRUE, FALSE, FALSE, FALSE, FALSE, 
        FALSE, FALSE, FALSE, FALSE, FALSE, TRUE, FALSE, FALSE, 
        FALSE, FALSE, FALSE, FALSE, FALSE, FALSE, FALSE, FALSE, 
        FALSE, FALSE, FALSE, FALSE, FALSE, FALSE, FALSE, FALSE, 
        FALSE, FALSE, FALSE, FALSE, TRUE, TRUE, TRUE, TRUE, TRUE, 
        TRUE, TRUE, TRUE, FALSE, FALSE, TRUE, TRUE, TRUE, TRUE, 
        FALSE, FALSE, FALSE, FALSE, FALSE, FALSE, FALSE, FALSE, 
        FALSE, TRUE, TRUE, TRUE, TRUE, TRUE, TRUE, TRUE, TRUE, 
        FALSE, TRUE, TRUE, TRUE, TRUE, TRUE, FALSE, TRUE, TRUE, 
        TRUE, TRUE, TRUE, FALSE, TRUE, TRUE, TRUE, TRUE, TRUE, 
        TRUE, TRUE, TRUE, TRUE, TRUE, TRUE, TRUE, TRUE, TRUE, 
        TRUE, TRUE, TRUE, TRUE, TRUE, TRUE, TRUE, TRUE, TRUE, 
        TRUE, TRUE), .Dim = c(23L, 8L), .Dimnames = list(c("11", 
        "13", "14", "31", "32", "33", "34", "35", "36", "37", 
        "41", "42", "51", "53", "80", "82", "86", "87", "88", 
        "92", "93", "96", "97"), c("1", "2", "3", "4", "5", "7", 
        "8", "9"))), rho = 0.129933833922161, Sigma = structure(c(106.014286753092, 
        14.071215171129, -20.8755835411773, 52.263454728802, 
        48.4714282044241, -0.421883943106102, -14.5799277561529, 
        -12.8603616613929, 1.71630776678821, -60.779990198095, 
        -17.7098514588711, -56.4265924272682, 38.345683453703, 
        32.4213970094893, 0.650546001737923, 64.6667568728747, 
        -105.223672796267, -45.3772672528876, 288.902406921495, 
        65.0334799517705, 0.303722183494082, 46.8439365973422, 
        21.2522923798051, 14.071215171129, 65.0607906742574, 
        -16.8216038211355, 7.72154653784483, 0.965412974577716, 
        -45.5518029190354, 13.6396345629133, 32.8988429202951, 
        -151.783326690329, -45.2045525921543, -8.2656804925928, 
        11.8103176423894, 46.2048558577609, 13.7296433874018, 
        -57.5316608242437, 54.1467500530149, 39.0637657267434, 
        -37.5453408185935, 13.5386816909372, -82.3769945527352, 
        -26.8599631677079, -60.5258555559043, -86.9310485492063, 
        -20.8755835411773, -16.8216038211355, 28.6080345860371, 
        -50.0271047486038, -4.93282844389508, 11.8063315602674, 
        12.3807577227625, -4.01202189099693, 18.9775222345587, 
        19.5949796839286, 27.4069261544838, -19.8746308024256, 
        -8.65577137280029, -2.29482467599962, 7.19320360338853, 
        -21.620223468353, 18.9525468875655, 15.113699246623, 
        -67.4495846094502, -4.28284998294113, 3.35831055590562, 
        -2.93320011421426, 6.25798191741815, 52.263454728802, 
        7.72154653784483, -50.0271047486038, 74.3467663209316, 
        15.5430968241071, 29.0331088907102, 1.26827062672986, 
        -58.3024155763639, 6.24212624918307, -36.6797822002424, 
        -14.7663985362158, 17.9722064672344, 43.3906802832491, 
        18.1602574604305, 2.36600355270109, 38.8195443089308, 
        -67.4916183177962, -27.2553415779555, 181.196400074989, 
        43.6940168275649, 1.10462252209895, 31.5134702601976, 
        16.3200576000665, 48.4714282044241, 0.965412974577716, 
        -4.93282844389508, 15.5430968241071, 16.4084082863917, 
        11.9856766213694, 0.754036164658077, -11.9670362926996, 
        58.0279271824715, -21.9867522607138, -0.256444213910843, 
        -43.6469253424668, 9.77035955326393, 16.5051099239609, 
        21.9947941436743, 21.1230889650213, -82.0674250445005, 
        -14.9910243999532, 180.019846829386, 72.5630431433814, 
        10.2687694413205, 52.7135804059687, 46.2208064717812, 
        -0.421883943106102, -45.5518029190354, 11.8063315602674, 
        29.0331088907102, 11.9856766213694, 68.8912298731978, 
        23.3161956581044, -83.5128986373599, 133.173047769905, 
        30.9667566775961, 23.1621333009483, -18.3998436533071, 
        16.8441471054916, 11.1526578875008, 50.4776564217782, 
        -38.2467926931807, -49.1392907122316, 26.4440814681437, 
        29.1289199186933, 81.3706797744918, 23.566640921825, 
        59.6532731694301, 79.1479194446937, -14.5799277561529, 
        13.6396345629133, 12.3807577227625, 1.26827062672986, 
        0.754036164658077, 23.3161956581044, 37.0185038384204, 
        -34.2431865861484, 20.5084676715884, 15.3544048778707, 
        18.1075933487048, -3.06243315095318, 36.5287030663734, 
        3.84429951037382, 7.77349022342893, -17.1642657557022, 
        10.5294611200792, 11.9827636960159, -45.4368325893618, 
        1.4599470349646, 3.62923055052588, 1.2143301768386, 8.68796819978449, 
        -12.8603616613929, 32.8988429202951, -4.01202189099693, 
        -58.3024155763639, -11.9670362926996, -83.5128986373599, 
        -34.2431865861484, 142.938128497359, -2.61684614289824, 
        8.77455457295818, -27.2328450589, 19.0465860739637, -63.156481476827, 
        -15.8189515994516, -0.991884339375494, -9.24200616711006, 
        17.0066358196496, 6.4921662348981, -44.8238356649445, 
        -11.4122935874837, -0.463083742769776, -8.23873945983723, 
        -4.65827896426676, 1.71630776678821, -151.783326690329, 
        18.9775222345587, 6.24212624918307, 58.0279271824715, 
        133.173047769905, 20.5084676715884, -2.61684614289824, 
        186.267653562678, 84.9278961377869, 29.5577983105572, 
        -36.8812190000773, -146.527098233713, 38.1451867630817, 
        70.6025338946434, -105.182438454096, -140.363702638781, 
        72.7053332101026, 89.4916723456636, 229.400200442921, 
        32.9623972746123, 168.151391277331, 221.968097817474, 
        -60.779990198095, -45.2045525921543, 19.5949796839286, 
        -36.6797822002424, -21.9867522607138, 30.9667566775961, 
        15.3544048778707, 8.77455457295818, 84.9278961377869, 
        49.0993737254827, 19.7220702017521, 32.652086811428, 
        -61.6938698260093, -14.8601306494542, 32.1909067461957, 
        -55.6517556254012, 18.8405318902582, 38.7976242833401, 
        -119.846481394828, 21.1950576182504, 15.0290562996154, 
        15.9375813553342, 40.7681184582791, -17.7098514588711, 
        -8.2656804925928, 27.4069261544838, -14.7663985362158, 
        -0.256444213910843, 23.1621333009483, 18.1075933487048, 
        -27.2328450589, 29.5577983105572, 19.7220702017521, 16.488593278898, 
        -21.5576084726948, 11.26837849739, 0.352091524431592, 
        11.2035311400427, -22.1738902655504, 11.0598603455322, 
        15.4710997504676, -54.132013074278, 4.62199598811362, 
        5.23062309445803, 3.56324275139392, 13.3176753558668, 
        -56.4265924272682, 11.8103176423894, -19.8746308024256, 
        17.9722064672344, -43.6469253424668, -18.3998436533071, 
        -3.06243315095318, 19.0465860739637, -36.8812190000773, 
        32.652086811428, -21.5576084726948, 87.1898036191424, 
        -24.9974199480132, -30.6286054007185, -13.9793864620328, 
        -33.3184258847408, 84.0913357902173, 23.4855573697782, 
        -202.503009718364, -65.6537917162835, -6.52659422825367, 
        -47.5701589945567, -35.5537360607312, 38.345683453703, 
        46.2048558577609, -8.65577137280029, 43.3906802832491, 
        9.77035955326393, 16.8441471054916, 36.5287030663734, 
        -63.156481476827, -146.527098233713, -61.6938698260093, 
        11.26837849739, -24.9974199480132, 118.954339152203, 
        21.8641609018919, -55.53935007856, 71.5011245761334, 
        6.84501598213564, -49.7371501068288, 98.2179061195494, 
        -60.6415513479004, -25.9298076241164, -44.8324847705325, 
        -77.9498426741613, 32.4213970094893, 13.7296433874018, 
        -2.29482467599962, 18.1602574604305, 16.5051099239609, 
        11.1526578875008, 3.84429951037382, -15.8189515994516, 
        38.1451867630817, -14.8601306494542, 0.352091524431592, 
        -30.6286054007185, 21.8641609018919, 22.2844908093362, 
        14.4584783769328, 14.3188709983258, -54.6434629078649, 
        -10.1585847585957, 120.25685254575, 48.1255788181441, 
        6.75026917529666, 34.9582257731612, 30.518245155592, 
        0.650546001737923, -57.5316608242437, 7.19320360338853, 
        2.36600355270109, 21.9947941436743, 50.4776564217782, 
        7.77349022342893, -0.991884339375494, 70.6025338946434, 
        32.1909067461957, 11.2035311400427, -13.9793864620328, 
        -55.53935007856, 14.4584783769328, 26.7610489368566, 
        -39.8681495903296, -53.2031884419347, 27.5580899533924, 
        33.9207517205716, 86.9514116779239, 12.4940037967806, 
        63.7357806093497, 84.1343617635381, 64.6667568728747, 
        54.1467500530149, -21.620223468353, 38.8195443089308, 
        21.1230889650213, -38.2467926931807, -17.1642657557022, 
        -9.24200616711006, -105.182438454096, -55.6517556254012, 
        -22.1738902655504, -33.3184258847408, 71.5011245761334, 
        14.3188709983258, -39.8681495903296, 63.4312593033243, 
        -14.5168919356172, -44.1964898780974, 124.106051924661, 
        -31.6437880853998, -18.6133515740548, -23.622672274407, 
        -52.1965221737184, -105.223672796267, 39.0637657267434, 
        18.9525468875655, -67.4916183177962, -82.0674250445005, 
        -49.1392907122316, 10.5294611200792, 17.0066358196496, 
        -140.363702638781, 18.8405318902582, 11.0598603455322, 
        84.0913357902173, 6.84501598213564, -54.6434629078649, 
        -53.2031884419347, -14.5168919356172, 139.800459493223, 
        10.5976922211368, -273.483685132181, -139.604479293532, 
        -24.8391174786457, -101.644310528197, -100.445987592959, 
        -45.3772672528876, -37.5453408185935, 15.113699246623, 
        -27.2553415779555, -14.9910243999532, 26.4440814681437, 
        11.9827636960159, 6.4921662348981, 72.7053332101026, 
        38.7976242833401, 15.4710997504676, 23.4855573697782, 
        -49.7371501068288, -10.1585847585957, 27.5580899533924, 
        -44.1964898780974, 10.5976922211368, 30.7961422908274, 
        -87.3394998437733, 21.5286302747829, 12.8661205067902, 
        16.0806237236888, 35.9708986286905, 288.902406921495, 
        13.5386816909372, -67.4495846094502, 181.196400074989, 
        180.019846829386, 29.1289199186933, -45.4368325893618, 
        -44.8238356649445, 89.4916723456636, -119.846481394828, 
        -54.132013074278, -202.503009718364, 98.2179061195494, 
        120.25685254575, 33.9207517205716, 124.106051924661, 
        -273.483685132181, -87.3394998437733, 682.92299761059, 
        201.787282530397, 15.8366737337709, 146.017444485416, 
        99.7027259745139, 65.0334799517705, -82.3769945527352, 
        -4.28284998294113, 43.6940168275649, 72.5630431433814, 
        81.3706797744918, 1.4599470349646, -11.4122935874837, 
        229.400200442921, 21.1950576182504, 4.62199598811362, 
        -65.6537917162835, -60.6415513479004, 48.1255788181441, 
        86.9514116779239, -31.6437880853998, -139.604479293532, 
        21.5286302747829, 201.787282530397, 173.788595073251, 
        40.5952423689647, 126.96791037177, 146.969335182113, 
        0.303722183494082, -26.8599631677079, 3.35831055590562, 
        1.10462252209895, 10.2687694413205, 23.566640921825, 
        3.62923055052588, -0.463083742769776, 32.9623972746123, 
        15.0290562996154, 5.23062309445803, -6.52659422825367, 
        -25.9298076241164, 6.75026917529666, 12.4940037967806, 
        -18.6133515740548, -24.8391174786457, 12.8661205067902, 
        15.8366737337709, 40.5952423689647, 5.83310957811449, 
        29.7564974677532, 39.2800386036301, 46.8439365973422, 
        -60.5258555559043, -2.93320011421426, 31.5134702601976, 
        52.7135804059687, 59.6532731694301, 1.2143301768386, 
        -8.23873945983723, 168.151391277331, 15.9375813553342, 
        3.56324275139392, -47.5701589945567, -44.8324847705325, 
        34.9582257731612, 63.7357806093497, -23.622672274407, 
        -101.644310528197, 16.0806237236888, 146.017444485416, 
        126.96791037177, 29.7564974677532, 92.7656732590961, 
        107.59641105387, 21.2522923798051, -86.9310485492063, 
        6.25798191741815, 16.3200576000665, 46.2208064717812, 
        79.1479194446937, 8.68796819978449, -4.65827896426676, 
        221.968097817474, 40.7681184582791, 13.3176753558668, 
        -35.5537360607312, -77.9498426741613, 30.518245155592, 
        84.1343617635381, -52.1965221737184, -100.445987592959, 
        35.9708986286905, 99.7027259745139, 146.969335182113, 
        39.2800386036301, 107.59641105387, 135.507822386865), .Dim = c(23L, 
        23L), .Dimnames = list(c("11", "13", "14", "31", "32", 
        "33", "34", "35", "36", "37", "41", "42", "51", "53", 
        "80", "82", "86", "87", "88", "92", "93", "96", "97"), 
            c("11", "13", "14", "31", "32", "33", "34", "35", 
            "36", "37", "41", "42", "51", "53", "80", "82", "86", 
            "87", "88", "92", "93", "96", "97"))), N.cov = 276L), .Names = c("obs.mat", 
    "rho", "Sigma", "N.cov"))), .Names = c("coefficients", "residuals", 
"fitted.values", "rank", "df.residual", "call", "terms", "model", 
"aliased", "na.action", "vcov", "r2", "panelStructure"), class = "panelAR")
