structure(list(coefficients = structure(c(1.33951109127074, 0.307147747563577, 
0.438514501359177, -1.82955200939003, -0.0289521766715046, 0.0976276331890702, 
-8.56994833752111), .Names = c("(Intercept)", "gen.EUS", "inst.EUS", 
"pola.index", "enop", "member.dur", "CEE")), residuals = structure(c(-13.2417267258493, 
-1.71892258180203, -16.0870875571631, -1.96450161999397, -9.69922062936075, 
9.2144575471946, -9.10669063697875, -3.88148429588985, -2.9446334914949, 
-3.13208214647551, -11.5282580433575, 8.32965063116314, 5.0419645947112, 
2.0456211302831, -5.99297016481833, 4.28211913468487, 11.1553762932405, 
-13.6268487576197, -11.6519155832668, -1.0566121172124, -2.2330836231572, 
0.140356220880559, -1.27752845218274, 1.59779258185045, 1.88682975442945, 
-8.88739649255552, 3.0969825223959, 7.24425555092991, 14.7622450627479, 
2.59221082355613, 0.494213421042826, 9.82191853926863, 12.5720259352106, 
1.35767758626898, 7.12005718940309, 2.94135336844268, 3.15160958931436, 
1.91217374293459, -9.23973950880434, -26.0623186868995, -2.61232585731324, 
2.09081446255061, 0.0799289765602929, 13.7646785917704, 7.77802197352672, 
7.2333680476087, 0.328030489900765, 3.67811445876502, 2.92722946929078, 
4.43607346350506, 8.04451863063512, 4.41235954774548, 2.73904004039683, 
-11.9708634574586, 9.09280244928732, -1.52085588301503, -15.8413317612483, 
13.615736364436, 11.7651145102693, 9.68521747759632, 2.19943171646472, 
-7.05067507584521, -11.6522874765175, -7.66711533262772, -3.76532119880682, 
3.27990757448803, 1.63857970110638, -5.89599700879864, 2.02884107289059, 
5.21733735426762, -8.28409557327893, -8.78319182794893, 13.2971301639052, 
-8.55682184535736, 5.81238158398698, 6.0824071809829, -36.6819704959176, 
1.7909025691326, -8.13472643846682, 15.7513733558716, 2.43583249920853, 
-5.85777699613806, 11.5594733173454, -2.57223341194108, 15.9295728636283
), .Names = c("31", "32", "44", "64", "1", "7", "13", "22", "33", 
"45", "65", "34", "46", "66", "2", "14", "23", "35", "47", "67", 
"3", "8", "15", "24", "36", "48", "68", "16", "25", "37", "49", 
"69", "9", "17", "26", "38", "50", "70", "18", "27", "39", "51", 
"71", "72", "52", "73", "4", "10", "19", "28", "40", "53", "74", 
"41", "54", "75", "5", "11", "20", "29", "42", "55", "76", "6", 
"21", "30", "43", "56", "77", "78", "57", "79", "58", "80", "59", 
"81", "60", "82", "61", "83", "84", "62", "85", "63", "86")), 
    fitted.values = structure(c(18.6391085433325, 18.073093457593, 
    14.5968039656185, 13.6595267817182, 17.6252168179584, 20.3951621396063, 
    17.4698489131853, 13.4876064587672, 13.2400782446007, 9.58446309885646, 
    5.59482460992412, 15.4699653963102, 17.4922060688253, 13.4549798813868, 
    9.27905077232856, 10.5994462618136, 12.5261652889096, 13.9172417707202, 
    14.5873090203415, 18.1768727088246, 10.8225953772259, 12.3469534237895, 
    9.61086178551608, 5.297131371385, 8.45562181420005, 12.2484797423048, 
    21.9074262475557, 1.64970111953759, 8.51918953044778, 13.7691287769139, 
    6.8831063573209, 6.23998114056057, 16.7042898542631, 11.6500062776168, 
    8.30547472549051, 9.65980107202982, 11.4728803019714, 18.8492721355654, 
    4.8169348731703, 14.4035902616366, 11.3683445665666, 8.17806437251939, 
    13.1929030119122, 9.24328953571965, 18.3558873137303, 17.1876845839702, 
    10.4216412348444, 8.58411797548728, 9.71235395941002, 16.1436092954387, 
    16.4970163103945, 13.331674754277, 14.9076084340995, 18.371085814511, 
    13.9104760485024, 17.3625227404165, 16.958033282527, 17.01796790425, 
    10.7373813299969, 15.1153429946042, 18.5222708092603, 20.2434968803461, 
    23.5644988883745, 13.7038075560669, 5.66372044038556, 6.65702761634793, 
    6.4104608106207, 4.38286103410857, 7.74416103925291, 11.828750534264, 
    5.97044600890332, 5.38998794445378, 5.94722912418187, 3.53248452026178, 
    2.05755071962478, 3.33525852193134, -6.30347438921304, -3.16074723950474, 
    5.34777010746255, 4.11018148970882, -2.87046071246819, 2.81414611585687, 
    0.227461451388866, 1.38060999382214, 2.39234915366111), .Names = c("31", 
    "32", "44", "64", "1", "7", "13", "22", "33", "45", "65", 
    "34", "46", "66", "2", "14", "23", "35", "47", "67", "3", 
    "8", "15", "24", "36", "48", "68", "16", "25", "37", "49", 
    "69", "9", "17", "26", "38", "50", "70", "18", "27", "39", 
    "51", "71", "72", "52", "73", "4", "10", "19", "28", "40", 
    "53", "74", "41", "54", "75", "5", "11", "20", "29", "42", 
    "55", "76", "6", "21", "30", "43", "56", "77", "78", "57", 
    "79", "58", "80", "59", "81", "60", "82", "61", "83", "84", 
    "62", "85", "63", "86")), rank = 7L, df.residual = 78L, call = panelAR(formula = diff.EUS ~ 
        gen.EUS + inst.EUS + pola.index + enop + member.dur + 
            CEE, data = panel2, panelVar = "nation", timeVar = "year.f", 
        panelCorrMethod = "pcse", rho.na.rm = TRUE), terms = diff.EUS ~ 
        gen.EUS + inst.EUS + pola.index + enop + member.dur + 
            CEE, model = structure(list(diff.EUS = c(5.39738181748315, 
    16.354170875791, -1.49028359154458, 11.6950251617242, 7.92599618859761, 
    29.6096196868009, 8.36315827620657, 9.6061221628773, 10.2954447531058, 
    6.45238095238095, -5.93343343343343, 23.7996160274733, 22.5341706635365, 
    15.5006010116699, 3.28608060751023, 14.8815653964985, 23.6815415821501, 
    0.290393013100438, 2.93539343707464, 17.1202605916122, 8.58951175406872, 
    12.4873096446701, 8.33333333333333, 6.89492395323545, 10.3424515686295, 
    3.36108324974925, 25.0044087699516, 8.8939566704675, 23.2814345931957, 
    16.36133960047, 7.37731977836373, 16.0618996798292, 29.2763157894737, 
    13.0076838638858, 15.4255319148936, 12.6011544404725, 14.6244898912858, 
    20.7614458785, -4.42280463563404, -11.6587284252629, 8.75601870925338, 
    10.26887883507, 13.2728319884725, 23.00796812749, 26.133909287257, 
    24.4210526315789, 10.7496717247452, 12.2622324342523, 12.6395834287008, 
    20.5796827589438, 24.5415349410296, 17.7440343020225, 17.6466484744963, 
    6.40022235705241, 23.0032784977897, 15.8416668574015, 1.11670152127869, 
    30.633704268686, 22.5024958402662, 24.8005604722005, 20.721702525725, 
    13.1928218045009, 11.912211411857, 6.03669222343921, 1.89839924157874, 
    9.93693519083596, 8.04904051172708, -1.51313597469007, 9.7730021121435, 
    17.0460878885316, -2.31364956437561, -3.39320388349515, 19.2443592880871, 
    -5.02433732509558, 7.86993230361176, 9.41766570291424, -42.9854448851306, 
    -1.36984467037214, -2.78695633100427, 19.8615548455804, -0.434628213259661, 
    -3.04363088028119, 11.7869347687343, -1.19162341811894, 18.3219220172894
    ),